qjn1wzw8, 3476, 1212, 440, 4778, 707, 4071, 7320, 8913, 113, 503
0jm6pwy8, 1726, 2, 2, 393, 0, 393, 1197, 1943, 1, 393
y8dzlz9j, 2100, 1947, 1041, 1347, 341, 1006, 3401, 5759, 283, 210
1xy3wpwj, 1957, 420, 169, 5121, 1330, 3791, 5904, 6105, 135, 1408
8grm677x, 2675, 1227, 406, 3904, 609, 3295, 5995, 7766, 142, 1923
xko2g798, 6223, 2201, 863, 12365, 1243, 11122, 16551, 19170, 427, 2210
jn36q61x, 1955, 124, 54, 5811, 119, 5692, 6800, 6964, 45, 3700
o86y93wj, 1296, 126, 20, 3608, 288, 3320, 4056, 4062, 19, 965
8qr5kvwj, 3127, 757, 440, 3975, 357, 3618, 5046, 5440, 213, 421
48g5vo7j, 526, 520, 134, 528, 83, 445, 1140, 2494, 31, 174
kj92m4r8, 728, 121, 43, 856, 30, 826, 1382, 1666, 23, 103
68wvldlx, 1919, 579, 329, 1522, 131, 1391, 2744, 3638, 143, 170
e8e5gg68, 763, 11, 7, 300, 0, 300, 625, 773, 4, 292
kj9y5mrx, 599, 41, 9, 219, 8, 211, 1879, 2329, 7, 187
1xyylnyx, 2096, 648, 345, 2769, 271, 2498, 3239, 3391, 286, 308
68wne448, 1640, 1166, 830, 3166, 612, 2554, 3835, 4232, 346, 1465
8qzo95o8, 1356, 2132, 1876, 338, 59, 279, 869, 2677, 200, 45
x7q9g1v8, 1057, 130, 73, 816, 31, 785, 1376, 1470, 42, 167
kj9dzp7x, 502, 310, 105, 1275, 95, 1180, 1402, 1830, 36, 362
816q54lx, 1290, 488, 282, 866, 60, 806, 1725, 2200, 135, 114
kj9521v8, 1579, 2560, 2410, 1647, 636, 1011, 2540, 2892, 1393, 12
j51p0268, 2521, 878, 562, 1295, 86, 1209, 2930, 4446, 176, 192
kjp1vr2j, 1372, 76, 34, 1067, 26, 1041, 1646, 1907, 32, 284
8e913qdj, 935, 384, 217, 1012, 186, 826, 1598, 2062, 119, 112
v8l3eq48, 602, 220, 110, 725, 104, 621, 1156, 1379, 46, 262
8l0rl9v8, 440, 547, 285, 276, 55, 221, 842, 1666, 48, 96
8wl7yovj, 638, 68, 16, 1415, 96, 1319, 1569, 1582, 14, 1095
18vw1rvj, 534, 20, 3, 259, 20, 239, 975, 1619, 3, 256
j0n55mr8, 1020, 232, 106, 630, 11, 619, 1349, 1862, 48, 96
18v52d5j, 497, 159, 77, 709, 14, 695, 1171, 1281, 62, 78
e8e9l0pj, 101, 206, 30, 418, 23, 395, 708, 812, 14, 244
xz9nv648, 758, 245, 110, 729, 117, 612, 1248, 1469, 73, 83
kj9e0578, 877, 52, 21, 1468, 9, 1459, 2099, 2167, 20, 359
48g562yj, 254, 146, 48, 231, 35, 196, 540, 797, 16, 69
18qkovq8, 522, 172, 71, 278, 42, 236, 539, 697, 31, 84
86313ep8, 1681, 381, 147, 1516, 307, 1209, 2719, 3936, 83, 215
kjp4zn4j, 278, 440, 158, 107, 29, 78, 378, 973, 42, 15
qjoqz4e8, 520, 350, 180, 246, 60, 186, 540, 1194, 46, 50
j2wwlm6j, 626, 33, 13, 167, 0, 167, 592, 1415, 4, 132
18qr5wjn, 346, 122, 34, 480, 125, 355, 826, 923, 25, 63
8q32emwj, 1571, 193, 99, 2869, 43, 2826, 3541, 3919, 43, 1640
x3ql5n7j, 939, 454, 282, 309, 118, 191, 870, 1526, 99, 39
pj0o1g4j, 1285, 324, 124, 1180, 125, 1055, 1759, 2529, 39, 449
98r4z3j1, 81, 32, 6, 48, 0, 48, 141, 219, 2, 44
0jmn9dox, 941, 1, 1, 750, 0, 750, 939, 950, 1, 750
8e6rpq7j, 1822, 476, 253, 2129, 130, 1999, 2725, 3471, 98, 307
qjnz5g2j, 357, 179, 86, 555, 76, 479, 712, 745, 79, 32
x35yq46j, 1422, 308, 151, 1324, 90, 1234, 1945, 2596, 76, 365
qxko0280, 336, 186, 62, 90, 27, 63, 316, 905, 21, 24
qjn1y628, 684, 172, 57, 765, 44, 721, 1022, 1106, 39, 227
zxz7ew9j, 150, 212, 83, 290, 17, 273, 523, 835, 7, 276
8qrpwmdj, 641, 396, 234, 526, 76, 450, 905, 1259, 93, 158
j2y12e68, 232, 71, 18, 709, 95, 614, 951, 1071, 7, 441
zx75o1r8, 109, 72, 15, 458, 18, 440, 626, 660, 8, 215
jmo29wy8, 390, 398, 174, 351, 131, 220, 718, 899, 83, 68
48g92r2x, 185, 397, 262, 56, 17, 39, 287, 836, 17, 23
v81ggnp8, 238, 423, 177, 153, 24, 129, 337, 1050, 8, 64
y8d00plx, 90, 294, 162, 329, 265, 64, 421, 461, 109, 50
j92266v8, 446, 118, 63, 658, 38, 620, 829, 895, 29, 263
98rv0dqj, 444, 697, 380, 586, 299, 287, 924, 1208, 205, 52
1xyd6nmx, 66, 26, 2, 412, 22, 390, 427, 428, 2, 280
18qwrkw8, 292, 148, 38, 234, 79, 155, 446, 692, 20, 45
zxzygl4j, 21, 884, 804, 45, 45, 0, 153, 929, 38, 4
18v46ky8, 583, 1, 1, 165, 0, 165, 455, 587, 1, 165
68wg45zx, 22, 99, 32, 8, 8, 0, 43, 212, 3, 6
814pll58, 498, 14, 5, 159, 0, 159, 396, 524, 1, 159
kj9p77x4, 199, 227, 125, 241, 138, 103, 413, 615, 88, 41
qxk7rz6j, 403, 3, 3, 23, 1, 22, 218, 406, 2, 22
18vmo728, 647, 118, 80, 535, 28, 507, 693, 785, 18, 127
qjnqro2j, 416, 505, 358, 196, 48, 148, 380, 891, 21, 115
qjoq5re8, 188, 16, 3, 597, 2, 595, 641, 655, 3, 552
eo86lp8z, 147, 147, 62, 30, 19, 11, 221, 453, 17, 5
o864zm0j, 130, 77, 23, 60, 12, 48, 201, 370, 10, 28
x35zgnqj, 336, 196, 99, 233, 55, 178, 569, 901, 29, 49
18qkl78n, 217, 114, 27, 418, 96, 322, 509, 532, 21, 93
kj9r0wj4, 134, 110, 50, 325, 93, 232, 444, 630, 10, 134
j03n24wj, 214, 131, 34, 554, 131, 423, 770, 847, 21, 161
18qvw9ox, 353, 219, 79, 344, 23, 321, 522, 945, 14, 302
5j5ve9w8, 448, 108, 56, 367, 35, 332, 532, 702, 20, 91
0jm3r3z8, 199, 174, 64, 193, 61, 132, 414, 558, 25, 81
v8141g38, 160, 91, 25, 441, 98, 343, 534, 635, 8, 298
8e9gr0pj, 157, 74, 23, 336, 233, 103, 674, 828, 10, 225
qjoz6gn8, 259, 149, 88, 135, 51, 84, 298, 722, 24, 37
y8d365x6, 322, 203, 81, 406, 104, 302, 629, 713, 51, 38
j2y6v5o8, 454, 128, 48, 413, 96, 317, 638, 729, 29, 197
y8dwr45j, 50, 15, 5, 14, 0, 14, 165, 335, 1, 14
98rv2rdj, 282, 35, 12, 365, 5, 360, 708, 849, 3, 352
y8d3z5x6, 184, 515, 306, 89, 28, 61, 296, 874, 27, 30
jopgy97x, 138, 78, 28, 210, 23, 187, 485, 643, 13, 126
5j51v3w8, 316, 252, 94, 58, 18, 40, 368, 790, 12, 12
v81pk5q8, 129, 168, 75, 105, 28, 77, 299, 386, 32, 33
7j4ndywx, 0, 268, 123, 273, 273, 0, 454, 538, 64, 41
18vww95j, 159, 201, 66, 249, 98, 151, 489, 695, 20, 103
dx3p0ok8, 137, 66, 24, 124, 19, 105, 203, 291, 8, 55
qj2oqknx, 975, 220, 137, 748, 30, 718, 1064, 1519, 110, 191
dx3vw68l, 115, 45, 14, 10, 0, 10, 46, 328, 1, 10
qxk6eok8, 152, 446, 290, 95, 19, 76, 295, 692, 18, 38
v81ke2rj, 71, 78, 33, 9, 4, 5, 139, 371, 6, 4
e8ez0lp8, 187, 140, 45, 220, 87, 133, 388, 517, 18, 70
v81o6wlx, 191, 118, 42, 346, 71, 275, 432, 455, 30, 68
dx33m6kx, 154, 105, 48, 77, 18, 59, 301, 426, 12, 38
qjo95lej, 152, 194, 94, 134, 53, 81, 215, 381, 30, 18
18q3o3dj, 429, 137, 58, 108, 47, 61, 401, 695, 24, 18
kjp4rk4j, 102, 86, 30, 178, 34, 144, 235, 271, 12, 48
xz925r48, 179, 82, 30, 33, 5, 28, 153, 304, 12, 10
xk49l57j, 444, 479, 381, 39, 3, 36, 144, 772, 25, 6
48gn04pj, 34, 58, 10, 330, 157, 173, 519, 695, 7, 241
8ge6w47j, 252, 326, 216, 361, 183, 178, 518, 629, 136, 38
kj9v37vx, 127, 12, 4, 438, 2, 436, 801, 936, 4, 376
j0n0vk48, 20, 935, 781, 159, 157, 2, 421, 1002, 136, 3
qxkpvo7j, 405, 138, 57, 240, 23, 217, 495, 769, 22, 55
1xy7pnxr, 185, 107, 52, 210, 61, 149, 331, 383, 29, 60
x3557mqj, 275, 136, 57, 312, 24, 288, 567, 679, 22, 86
61xygzxr, 121, 195, 107, 119, 37, 82, 219, 399, 21, 47
1xykryz8, 55, 465, 257, 173, 152, 21, 370, 641, 62, 14
8en7gwp8, 710, 229, 88, 739, 126, 613, 1231, 1807, 37, 125
8ger577j, 250, 336, 296, 111, 43, 68, 282, 523, 65, 17
8l0kq1v8, 257, 30, 10, 149, 0, 149, 388, 487, 7, 42
8geo2nyj, 217, 170, 78, 77, 28, 49, 243, 454, 15, 21
v81kdrjp, 179, 79, 43, 650, 22, 628, 710, 734, 19, 284
kj946vwx, 273, 53, 16, 1034, 44, 990, 1060, 1076, 12, 409
qjo2pne8, 262, 64, 27, 317, 53, 264, 489, 496, 21, 87
j0nm9r48, 782, 362, 209, 892, 216, 676, 1108, 1226, 148, 48
zxzzvlrx, 36, 708, 539, 617, 600, 17, 971, 1113, 346, 11
18vy5lv8, 77, 340, 174, 177, 115, 62, 316, 581, 47, 15
qjooe3j6, 124, 43, 20, 126, 7, 119, 226, 268, 12, 45
8qz33108, 33, 51, 24, 78, 3, 75, 238, 408, 5, 59
8wk3wr48, 610, 121, 50, 899, 54, 845, 1012, 1046, 40, 204
dx3w7r7j, 25, 202, 78, 24, 20, 4, 57, 313, 8, 8
kj9yg2wx, 6, 347, 233, 145, 145, 0, 277, 442, 70, 24
1xyk5ny8, 385, 66, 30, 466, 33, 433, 609, 635, 23, 206
1xyrv0mj, 156, 64, 21, 220, 21, 199, 289, 314, 10, 135
kjprpe48, 110, 153, 59, 262, 69, 193, 396, 465, 31, 50
qjo9k3j6, 195, 97, 36, 67, 16, 51, 162, 345, 10, 32
jo3ko0lj, 303, 30, 6, 541, 117, 424, 688, 714, 4, 491
qjn3w4xm, 3, 136, 55, 39, 38, 1, 78, 208, 10, 15
jo3lnr3j, 133, 92, 29, 287, 55, 232, 388, 466, 24, 94
kj904grj, 322, 114, 64, 214, 21, 193, 418, 459, 22, 31
68wlgyzj, 258, 202, 115, 221, 66, 155, 486, 633, 42, 44
qjod3zlx, 148, 14, 2, 870, 14, 856, 1163, 1200, 2, 667
zxz0gw98, 345, 1, 1, 0, 0, 0, 12, 347, 0, 0
5j5dqrz8, 275, 112, 42, 169, 44, 125, 393, 499, 19, 40
qj2lgw7x, 74, 184, 85, 22, 18, 4, 89, 326, 10, 6
0jmdlgej, 307, 21, 14, 269, 2, 267, 479, 503, 9, 192
qxkm272j, 228, 123, 46, 343, 112, 231, 514, 567, 29, 87
qxkpk69j, 293, 67, 50, 370, 6, 364, 515, 537, 47, 43
j266eg6x, 1192, 91, 38, 1043, 27, 1016, 1523, 1609, 31, 309
o86r2r38, 382, 631, 372, 985, 558, 427, 1183, 1261, 283, 70
qj2m1vo8, 229, 86, 23, 333, 12, 321, 525, 646, 11, 139
qjnzo1wj, 64, 360, 186, 142, 84, 58, 322, 506, 51, 14
qjopronx, 209, 149, 89, 213, 26, 187, 381, 499, 50, 55
qjo22ke8, 76, 83, 42, 175, 28, 147, 197, 238, 13, 97
xz995g08, 31, 90, 16, 350, 288, 62, 438, 489, 13, 163
j42nyqwx, 219, 290, 38, 686, 132, 554, 757, 761, 30, 186
v8lq05vx, 66, 46, 8, 216, 0, 216, 260, 275, 6, 130
qjnk4nwj, 232, 146, 37, 162, 39, 123, 341, 571, 11, 111
48g4mnp8, 156, 84, 23, 109, 5, 104, 202, 462, 8, 72
18qr7qjn, 37, 305, 177, 234, 212, 22, 390, 496, 76, 23
98rveeqj, 686, 42, 7, 1133, 38, 1095, 1261, 1312, 5, 909
xz9z1ee8, 300, 123, 36, 160, 63, 97, 338, 596, 15, 74
7j4v6dj1, 61, 174, 56, 184, 163, 21, 274, 401, 24, 34
18qg9ndx, 118, 382, 93, 26, 18, 8, 87, 614, 9, 9
p18vvn8l, 195, 126, 94, 128, 9, 119, 323, 432, 47, 29
0jm4lznj, 154, 43, 9, 217, 22, 195, 272, 299, 7, 98
68wmz7lx, 70, 145, 62, 111, 30, 81, 193, 306, 22, 59
qjo2wn86, 173, 96, 39, 203, 43, 160, 355, 405, 19, 89
pj02948w, 27, 134, 60, 111, 107, 4, 226, 356, 18, 59
pj062y9j, 199, 81, 34, 77, 11, 66, 124, 329, 10, 29
5j54m68v, 67, 174, 109, 67, 59, 8, 158, 287, 37, 5
68wk0748, 394, 103, 59, 271, 13, 258, 430, 517, 28, 49
8vk6qr2j, 258, 112, 38, 205, 34, 171, 375, 496, 16, 53
zx7mggqx, 225, 105, 53, 104, 24, 80, 250, 391, 13, 45
18qowewj, 102, 94, 45, 54, 8, 46, 115, 233, 21, 9
qxknkwkx, 431, 16, 3, 564, 11, 553, 778, 916, 3, 334
8qz23l78, 8, 203, 53, 24, 24, 0, 67, 301, 9, 9
zxze4nnx, 58, 73, 32, 56, 10, 46, 255, 427, 8, 28
8dwpw3lj, 254, 32, 4, 149, 13, 136, 347, 390, 2, 148
v814058p, 87, 174, 96, 101, 55, 46, 174, 274, 28, 26
j5w9wvgj, 137, 65, 19, 191, 34, 157, 375, 421, 11, 112
8wkrlkq8, 403, 252, 99, 550, 138, 412, 775, 969, 48, 61
5j5v7lw8, 235, 188, 107, 252, 109, 143, 384, 462, 65, 36
1xy2lzn8, 229, 117, 58, 217, 38, 179, 301, 403, 34, 40
8dgqy6l8, 89, 196, 116, 166, 123, 43, 268, 343, 62, 27
98rk96x1, 73, 58, 33, 113, 32, 81, 145, 162, 15, 30
pj0045wj, 293, 106, 32, 285, 79, 206, 488, 598, 15, 87
xy5o75z8, 79, 77, 27, 24, 3, 21, 55, 293, 7, 14
j5wg15wj, 266, 182, 107, 108, 25, 83, 250, 439, 47, 14
8qzg4kd8, 229, 112, 43, 364, 36, 328, 415, 504, 16, 135
qjn9dwxm, 4, 127, 62, 19, 19, 0, 57, 172, 8, 5
j92rd1n8, 169, 87, 27, 68, 12, 56, 212, 387, 12, 25
zxzyrm0j, 31, 235, 137, 77, 60, 17, 151, 326, 32, 18
18q53ow8, 150, 126, 72, 159, 8, 151, 232, 326, 22, 58
98rre381, 21, 170, 89, 19, 17, 2, 53, 200, 11, 4
v8lp532j, 79, 133, 73, 78, 49, 29, 164, 298, 22, 18
1xyy6vxr, 258, 48, 28, 259, 24, 235, 368, 406, 15, 86
18qw9908, 46, 23, 6, 328, 43, 285, 513, 602, 3, 303
68wq40z8, 183, 105, 46, 77, 8, 69, 173, 313, 16, 22
0jml3y81, 5, 81, 51, 33, 28, 5, 49, 94, 21, 5
0jmqgkex, 68, 21, 4, 75, 5, 70, 115, 225, 2, 68
y8dgelm8, 118, 22, 9, 257, 21, 236, 308, 317, 5, 248
kj94kq7x, 74, 60, 23, 2, 2, 0, 13, 148, 1, 2
pj0grmwx, 27, 24, 6, 112, 21, 91, 218, 257, 2, 109
68wo13jg, 43, 185, 146, 74, 54, 20, 153, 227, 46, 19
qjngr448, 160, 88, 45, 141, 25, 116, 240, 276, 19, 29
48ge292j, 112, 82, 29, 131, 20, 111, 224, 282, 16, 53
v8lk144x, 154, 92, 47, 297, 38, 259, 393, 405, 36, 68
8wk9o7q8, 84, 115, 51, 136, 35, 101, 211, 358, 13, 80
18vkemyj, 38, 166, 88, 53, 44, 9, 118, 234, 21, 7
dx35zg7j, 186, 74, 38, 99, 4, 95, 200, 318, 8, 85
x7q663v8, 184, 39, 19, 280, 7, 273, 342, 364, 11, 159
18vk7vjl, 23, 213, 160, 46, 45, 1, 141, 292, 30, 3
j5vlerz8, 142, 19, 3, 196, 0, 196, 306, 416, 1, 196
8l46eg2j, 117, 25, 7, 270, 1, 269, 365, 418, 6, 104
e8emr06x, 91, 51, 17, 229, 26, 203, 371, 408, 9, 165
1xy0ynjr, 28, 165, 123, 27, 24, 3, 71, 269, 3, 22
v8lyv4jm, 44, 116, 62, 16, 2, 14, 45, 161, 12, 5
18qlqgqj, 86, 9, 2, 259, 7, 252, 500, 530, 2, 256
kj9nmwr8, 162, 74, 31, 185, 54, 131, 225, 264, 21, 36
j2y96d78, 77, 118, 22, 161, 108, 53, 221, 296, 11, 56
qxk02980, 12, 136, 72, 29, 27, 2, 71, 182, 17, 8
8qz3qkd8, 156, 75, 38, 167, 21, 146, 270, 291, 23, 65
zx7g54yx, 19, 48, 20, 120, 30, 90, 187, 214, 4, 116
x7q2l0v8, 454, 2, 2, 204, 0, 204, 430, 455, 1, 204
98rpqkgj, 23, 100, 44, 51, 25, 26, 80, 183, 4, 39
zxz75g0j, 119, 61, 26, 75, 19, 56, 178, 227, 12, 22
o86r708z, 85, 25, 7, 26, 0, 26, 120, 175, 2, 17
x7qmg7q8, 16, 32, 8, 88, 25, 63, 197, 210, 6, 63
qjn2rkwj, 6, 211, 160, 22, 22, 0, 85, 253, 18, 2
zx7pe96x, 139, 349, 184, 153, 83, 70, 273, 606, 49, 16
v8lo1q28, 203, 1, 1, 0, 0, 0, 13, 206, 0, 0
x72n6vy8, 333, 24, 9, 420, 17, 403, 471, 481, 7, 378
qjo3190j, 27, 73, 29, 21, 15, 6, 52, 112, 10, 6
68w9m0vj, 246, 36, 7, 89, 8, 81, 330, 425, 5, 25
kj9o1dvj, 101, 96, 42, 58, 23, 35, 124, 224, 14, 25
8qzp3qo8, 214, 33, 9, 116, 4, 112, 273, 352, 7, 62
qj233nxk, 2, 242, 175, 34, 33, 1, 75, 260, 25, 7
48grkyxp, 42, 19, 10, 0, 0, 0, 2, 78, 0, 0
kj92mw78, 13, 31, 11, 93, 8, 85, 118, 126, 5, 85
j2y4p6o8, 216, 49, 23, 202, 1, 201, 427, 495, 11, 74
xk4oz47j, 85, 58, 17, 288, 48, 240, 291, 294, 13, 83
48g5e47j, 45, 26, 8, 33, 7, 26, 58, 79, 8, 15
pj031emj, 379, 15, 9, 24, 0, 24, 379, 400, 3, 21
o86wqoqx, 218, 169, 82, 12, 7, 5, 124, 453, 12, 1
qjowvn86, 59, 137, 60, 95, 38, 57, 154, 274, 13, 21
1xyrdqzj, 126, 34, 8, 169, 15, 154, 231, 249, 5, 58
98ryqvqj, 379, 33, 13, 398, 17, 381, 408, 423, 8, 347
x352kyej, 105, 187, 107, 71, 27, 44, 130, 363, 19, 14
e8egp16x, 70, 28, 9, 75, 2, 73, 184, 225, 3, 45
5j5vv4w8, 276, 23, 13, 268, 9, 259, 293, 297, 10, 130
kj9407x4, 166, 84, 40, 140, 20, 120, 225, 317, 17, 49
jprg6448, 181, 78, 23, 0, 0, 0, 130, 342, 0, 0
48gr7lpx, 109, 117, 35, 183, 93, 90, 291, 301, 26, 35
e8ewozp8, 63, 28, 14, 276, 6, 270, 316, 336, 6, 220
48grel1x, 155, 116, 86, 52, 23, 29, 153, 280, 24, 18
j5wzz2qj, 0, 184, 139, 147, 147, 0, 189, 222, 94, 8
qjnp3zq8, 90, 62, 27, 32, 16, 16, 104, 203, 7, 8
qj2wlg6j, 116, 38, 17, 80, 13, 67, 158, 197, 9, 40
8ge23vrj, 343, 2, 2, 85, 0, 85, 265, 345, 1, 85
0jm5kdnx, 279, 21, 6, 19, 6, 13, 143, 316, 4, 13
1xyvlywx, 204, 29, 9, 78, 7, 71, 211, 367, 3, 47
18q4qoxn, 207, 38, 16, 108, 17, 91, 231, 268, 11, 61
kjp4wn2j, 73, 34, 8, 62, 9, 53, 145, 269, 5, 47
j96pwevj, 42, 3, 2, 386, 0, 386, 439, 439, 2, 376
kjpnz7kx, 56, 73, 30, 70, 33, 37, 123, 195, 6, 45
v813edlx, 172, 35, 25, 173, 8, 165, 230, 244, 11, 59
qxk4727j, 0, 58, 27, 3, 3, 0, 11, 71, 2, 2
68w0oy3j, 161, 56, 21, 77, 24, 53, 253, 314, 8, 57
kj9n06v8, 172, 22, 7, 213, 11, 202, 230, 250, 6, 135
qxk6wl28, 86, 153, 101, 61, 42, 19, 164, 273, 27, 16
zx75pyq8, 354, 21, 4, 30, 5, 25, 249, 381, 1, 30
x7qy4kr8, 63, 53, 17, 162, 73, 89, 309, 361, 12, 67
qjol3p0j, 29, 137, 54, 71, 58, 13, 143, 216, 12, 26
kj94eox4, 2, 78, 31, 21, 20, 1, 42, 149, 7, 5
8rpemmdj, 234, 91, 50, 96, 2, 94, 199, 355, 11, 46
18v5ryej, 48, 33, 9, 97, 18, 79, 97, 107, 6, 38
18q99rdj, 252, 33, 18, 267, 7, 260, 353, 375, 13, 102
kj9ow1wj, 275, 37, 16, 150, 13, 137, 268, 348, 5, 46
xk43g9kj, 160, 75, 35, 217, 43, 174, 265, 283, 24, 55
qxk4r9j0, 95, 86, 49, 73, 14, 59, 115, 184, 12, 36
x35dpzej, 82, 56, 27, 58, 23, 35, 154, 204, 8, 31
68wk9eq8, 2, 331, 266, 25, 25, 0, 75, 367, 18, 3
pj0nyg48, 70, 23, 5, 109, 7, 102, 128, 141, 3, 45
7j4rrnl8, 6, 39, 16, 3, 2, 1, 27, 55, 2, 2
18qzm9w8, 26, 77, 28, 48, 21, 27, 87, 128, 20, 7
kjprnyk8, 275, 45, 26, 246, 19, 227, 335, 427, 18, 122
0jm0k3o8, 128, 23, 7, 356, 10, 346, 396, 405, 3, 305
xy5pmvn8, 80, 78, 40, 49, 19, 30, 151, 250, 10, 13
8w1w233x, 93, 31, 17, 90, 9, 81, 149, 196, 5, 82
qj2yyn8k, 111, 160, 112, 38, 19, 19, 123, 311, 17, 5
dx3d64k8, 105, 58, 27, 15, 10, 5, 62, 185, 6, 5
pj02wnr8, 75, 59, 25, 68, 26, 42, 140, 211, 8, 26
1xyy9oyx, 104, 72, 30, 118, 20, 98, 149, 223, 14, 39
18qm69wx, 10, 54, 10, 10, 10, 0, 38, 175, 3, 6
8r7mg66j, 161, 51, 28, 159, 40, 119, 342, 408, 13, 45
y8dz629j, 134, 176, 124, 103, 50, 53, 201, 358, 41, 14
qxk1k2j0, 50, 72, 31, 53, 16, 37, 95, 149, 6, 45
xy5mlqy8, 72, 30, 15, 64, 9, 55, 132, 175, 9, 55
j9244y78, 60, 51, 10, 209, 95, 114, 272, 281, 8, 80
x7q6qy08, 87, 162, 79, 56, 32, 24, 122, 298, 18, 11
dx3ml28l, 1, 110, 35, 43, 43, 0, 74, 161, 10, 21
qj2o7nox, 0, 7, 1, 48, 48, 0, 98, 220, 1, 48
qj2dm3l8, 0, 83, 68, 7, 7, 0, 15, 100, 4, 4
dx3gg78l, 0, 305, 277, 16, 16, 0, 42, 319, 8, 5
5j55rkwj, 286, 1, 1, 86, 0, 86, 174, 288, 1, 86
814w4nq8, 17, 47, 32, 10, 9, 1, 25, 65, 9, 2
8dwq3wmj, 105, 120, 49, 239, 22, 217, 305, 423, 22, 89
0jmg73oj, 153, 39, 9, 259, 44, 215, 320, 335, 4, 228
qjovyz7x, 251, 123, 52, 220, 38, 182, 345, 444, 28, 39
98rzez3x, 204, 463, 414, 399, 198, 201, 640, 702, 177, 29
18q4nrox, 74, 20, 8, 165, 30, 135, 176, 179, 6, 77
68wwdqq8, 63, 103, 60, 237, 75, 162, 285, 313, 28, 145
8rp6e3dj, 143, 145, 26, 42, 2, 40, 149, 423, 4, 28
jmoqknn8, 50, 81, 41, 93, 48, 45, 134, 142, 24, 34
8qr6vnqj, 189, 81, 41, 109, 23, 86, 225, 303, 18, 26
18q0vwjn, 54, 54, 38, 26, 18, 8, 74, 137, 10, 6
y8dkkoj6, 34, 30, 15, 20, 11, 9, 34, 65, 4, 9
o863wq8z, 32, 42, 15, 29, 28, 1, 33, 89, 6, 16
48gym78p, 29, 113, 40, 87, 61, 26, 140, 194, 17, 15
7j4rq5v8, 20, 154, 90, 81, 71, 10, 159, 273, 22, 15
jp4odpkj, 274, 59, 12, 248, 13, 235, 331, 335, 9, 154
48ge7ryj, 61, 15, 5, 120, 7, 113, 120, 120, 5, 56
0jm36qe8, 8, 122, 64, 10, 8, 2, 28, 134, 9, 2
8lpwmwlj, 1189, 581, 286, 2093, 667, 1426, 2328, 2578, 240, 158
48g4ovp8, 0, 58, 18, 4, 4, 0, 29, 63, 3, 2
qjnlzwdx, 161, 23, 10, 245, 12, 233, 254, 267, 7, 175
qj2z3pjk, 98, 168, 82, 29, 12, 17, 111, 342, 9, 11
qj20d6xk, 40, 66, 30, 32, 27, 5, 66, 121, 9, 10
o86nkvpx, 163, 58, 15, 120, 11, 109, 206, 260, 8, 51
0jmopoy8, 52, 125, 78, 150, 91, 59, 187, 220, 50, 24
x72ydqv8, 213, 39, 16, 413, 25, 388, 461, 482, 11, 204
jp4zqwyj, 170, 22, 4, 271, 23, 248, 354, 361, 3, 262
dx3g4k8l, 21, 143, 108, 62, 53, 9, 113, 197, 30, 13
v81rrgqx, 4, 31, 9, 0, 0, 0, 9, 80, 0, 0
x7q91yy8, 121, 33, 6, 202, 2, 200, 291, 338, 5, 99
86vwlq3j, 27, 80, 18, 99, 95, 4, 198, 256, 11, 40
dx359lej, 31, 176, 116, 6, 6, 0, 48, 205, 6, 1
98r92381, 0, 175, 107, 105, 105, 0, 153, 194, 65, 8
qxk2z16x, 165, 119, 78, 31, 2, 29, 120, 294, 10, 10
kj92mq78, 31, 79, 32, 43, 31, 12, 86, 131, 11, 13
e8e96dj0, 9, 129, 67, 86, 86, 0, 103, 155, 33, 7
7j424wx1, 8, 231, 199, 20, 20, 0, 75, 243, 18, 2
48gvv118, 305, 11, 5, 466, 0, 466, 571, 583, 2, 456
r5j5onxv, 46, 55, 37, 23, 13, 10, 80, 101, 9, 7
7j40e2w8, 193, 54, 32, 39, 1, 38, 144, 240, 15, 14
qjn9p0dx, 0, 63, 32, 37, 37, 0, 56, 70, 17, 4
qjny3228, 154, 44, 30, 233, 30, 203, 234, 234, 29, 67
zxzlz98q, 33, 154, 88, 4, 4, 0, 12, 200, 4, 1
48geyyjp, 9, 145, 103, 18, 17, 1, 44, 183, 10, 4
qjop9nnx, 1, 274, 239, 31, 31, 0, 86, 285, 28, 2
98r70qj1, 201, 63, 25, 147, 13, 134, 261, 338, 9, 76
o867w75j, 105, 35, 6, 309, 41, 268, 317, 323, 5, 295
0jm9wy81, 226, 11, 3, 225, 10, 215, 241, 253, 1, 225
x35l7pkj, 79, 179, 107, 8, 4, 4, 34, 259, 5, 3
jprk71k8, 0, 96, 49, 92, 92, 0, 151, 164, 31, 19
j5vy0vq8, 218, 48, 14, 257, 20, 237, 322, 328, 9, 127
1y8d6mx6, 14, 16, 4, 21, 21, 0, 52, 54, 1, 21
kjpl3z08, 125, 15, 6, 44, 1, 43, 148, 201, 5, 20
v81qg15j, 227, 18, 12, 241, 2, 239, 247, 251, 8, 91
8wkz3138, 56, 35, 12, 23, 4, 19, 50, 136, 4, 17
qjoqq786, 0, 199, 176, 23, 23, 0, 89, 203, 21, 3
5j51pdg8, 29, 142, 90, 47, 36, 11, 107, 169, 28, 5
j92vdoo8, 3, 41, 6, 62, 61, 1, 141, 218, 5, 35
98r3d3d8, 0, 77, 51, 4, 4, 0, 19, 85, 4, 1
qjo39knj, 18, 40, 15, 148, 145, 3, 205, 234, 12, 37
1xypq3yx, 159, 29, 7, 222, 9, 213, 247, 254, 5, 81
7j4e59dx, 6, 162, 121, 19, 19, 0, 33, 178, 15, 3
86vno9wj, 96, 6, 3, 169, 10, 159, 234, 238, 2, 168
8d3y5vgx, 74, 179, 126, 110, 67, 43, 184, 259, 57, 12
x3574nkj, 116, 23, 11, 282, 41, 241, 307, 308, 8, 191
8r79ge6j, 3, 32, 11, 101, 99, 2, 167, 211, 7, 32
qj2e5rpj, 188, 50, 30, 197, 10, 187, 214, 236, 15, 167
e8enpy78, 95, 31, 10, 159, 8, 151, 213, 234, 5, 58
8v5733vj, 162, 126, 45, 256, 89, 167, 293, 304, 33, 43
x3qmp56j, 1017, 96, 44, 1090, 24, 1066, 1962, 2251, 28, 710
v81md938, 28, 119, 55, 19, 17, 2, 54, 165, 10, 6
1xyrzvnj, 59, 82, 25, 56, 25, 31, 129, 207, 9, 26
o863w4w8, 0, 46, 21, 4, 4, 0, 13, 50, 4, 1
68wl23jg, 8, 138, 49, 2, 2, 0, 20, 172, 2, 1
7j4kl6dx, 1, 59, 29, 95, 94, 1, 148, 208, 6, 64
y8dw2llj, 3, 113, 49, 76, 74, 2, 110, 155, 17, 17
68we6n48, 27, 51, 19, 128, 108, 20, 180, 217, 9, 87
0jmpmej1, 9, 37, 14, 5, 5, 0, 10, 46, 4, 2
v814y538, 0, 36, 28, 7, 7, 0, 23, 44, 5, 3
e8ekwd80, 11, 142, 119, 10, 10, 0, 46, 169, 10, 1
48g573rj, 1, 110, 100, 20, 20, 0, 36, 118, 16, 2
xk43e42j, 249, 1, 1, 107, 0, 107, 218, 253, 1, 107
o869v58z, 0, 185, 161, 45, 45, 0, 88, 218, 33, 6
0jmyloj1, 193, 24, 13, 142, 0, 142, 228, 240, 12, 37
zxz77knj, 174, 28, 10, 199, 28, 171, 219, 223, 10, 139
pj0gg9wx, 104, 7, 3, 184, 1, 183, 189, 191, 2, 179
8ge5p3pj, 155, 5, 2, 251, 3, 248, 261, 262, 2, 249
v81p2r8p, 35, 70, 19, 17, 3, 14, 92, 242, 5, 8
8l4w117j, 223, 200, 110, 15, 10, 5, 85, 438, 12, 3
8rp2o1qj, 107, 61, 34, 3, 1, 2, 20, 178, 3, 1
jo3d0e0j, 36, 252, 203, 72, 47, 25, 141, 295, 41, 13
j4r2g458, 16, 79, 16, 136, 99, 37, 190, 199, 13, 29
8d3o7p9x, 15, 64, 24, 188, 180, 8, 255, 321, 15, 68
qjorq7j6, 0, 102, 92, 6, 6, 0, 22, 106, 5, 2
e8ew2ld8, 1, 57, 9, 1, 1, 0, 14, 71, 1, 1
68w27v8g, 43, 23, 12, 193, 15, 178, 202, 205, 5, 186
zx7m7oyx, 89, 124, 61, 121, 46, 75, 170, 221, 29, 32
j96lp57j, 28, 323, 185, 277, 247, 30, 342, 361, 147, 10
qjn7vp18, 134, 163, 138, 157, 79, 78, 229, 289, 66, 19
jmo72ny8, 9, 49, 1, 41, 0, 41, 140, 164, 1, 41
pj0wr0r8, 25, 211, 198, 1, 1, 0, 29, 224, 1, 1
x7ml2dqx, 11, 45, 12, 155, 140, 15, 215, 217, 11, 71
jo2l6w78, 8, 22, 9, 180, 10, 170, 180, 199, 1, 180
xk4o37kj, 11, 65, 26, 158, 149, 9, 185, 188, 26, 66
zx7mkvvx, 8, 94, 32, 9, 5, 4, 20, 125, 5, 4
zxz04ye8, 33, 23, 6, 201, 18, 183, 226, 227, 5, 114
5j5lgzxv, 65, 68, 10, 187, 1, 186, 190, 197, 9, 58
0jm7kyzj, 27, 189, 172, 3, 2, 1, 20, 202, 3, 1
81q9l6rj, 130, 13, 3, 256, 12, 244, 267, 267, 3, 171
dx3qn16j, 26, 70, 11, 41, 30, 11, 86, 192, 5, 22
48gmomr8, 39, 105, 26, 127, 95, 32, 189, 210, 17, 27
v81qk3jp, 26, 115, 73, 3, 2, 1, 41, 149, 3, 1
j26e006x, 1, 172, 1, 203, 30, 173, 217, 217, 1, 203
v8lvyz2j, 37, 33, 23, 161, 114, 47, 167, 195, 10, 108
j4qrqlvx, 1061, 1075, 1007, 659, 139, 520, 1057, 1708, 426, 30
8vkkddej, 0, 9, 1, 93, 93, 0, 115, 116, 1, 93
qjoenql8, 22, 69, 22, 3, 1, 2, 26, 118, 3, 1
zxz9n98q, 1, 82, 61, 13, 13, 0, 29, 86, 9, 3
68w4znlx, 15, 114, 96, 12, 10, 2, 66, 130, 9, 2
18vz5nej, 2, 103, 87, 15, 14, 1, 33, 120, 10, 3
dx3d1e8l, 4, 118, 101, 7, 7, 0, 28, 127, 6, 2
xz7p924j, 4, 106, 41, 55, 54, 1, 105, 158, 11, 30
18v703y8, 35, 82, 55, 97, 63, 34, 149, 177, 20, 33
zxz9n948, 67, 37, 28, 54, 2, 52, 108, 145, 11, 29
18v945yx, 118, 45, 41, 63, 2, 61, 134, 170, 24, 14
0jmweynx, 167, 1, 1, 1, 0, 1, 13, 168, 1, 1
1xy1pmxr, 8, 91, 80, 2, 2, 0, 26, 99, 2, 1
48gzlmpj, 0, 18, 8, 46, 46, 0, 133, 142, 6, 26
kj929g78, 1, 167, 152, 4, 4, 0, 23, 173, 4, 1
8e9elodj, 26, 108, 74, 45, 34, 11, 98, 149, 25, 6
kj9926nj, 12, 126, 97, 104, 92, 12, 147, 164, 54, 10
o86wvl0x, 6, 79, 32, 35, 27, 8, 51, 114, 15, 5
18qg1d7x, 156, 7, 6, 109, 3, 106, 154, 166, 4, 86
kj9e49r8, 1, 18, 7, 104, 104, 0, 148, 163, 5, 98
8qzdgyo8, 75, 77, 37, 60, 19, 41, 119, 143, 17, 20
xz91y0r8, 22, 153, 124, 86, 80, 6, 149, 205, 58, 9
zx7q1208, 11, 41, 4, 1, 0, 1, 44, 128, 1, 1
x7qkzoq8, 19, 119, 71, 14, 10, 4, 39, 144, 8, 4
j9653ywj, 3, 25, 10, 147, 144, 3, 155, 156, 8, 63
qjn0yowx, 9, 138, 44, 41, 36, 5, 73, 171, 15, 9
jnz4nk1j, 4, 70, 23, 56, 54, 2, 116, 170, 12, 18
qj21n468, 77, 46, 40, 14, 0, 14, 44, 105, 5, 6
v8lgpmlj, 25, 103, 74, 128, 108, 20, 158, 186, 47, 51
j26zzmlx, 767, 174, 82, 1334, 483, 851, 1382, 1388, 82, 225
v8lrl5l8, 0, 140, 126, 15, 15, 0, 46, 142, 14, 2
pj06r5mj, 6, 37, 1, 17, 2, 15, 67, 113, 1, 17
kjpm0r4j, 2, 107, 92, 11, 11, 0, 23, 120, 7, 3
8rp2md6j, 9, 30, 1, 32, 6, 26, 51, 72, 1, 32
qxk6pw98, 21, 76, 5, 0, 0, 0, 11, 128, 0, 0
98rlreq8, 1, 84, 72, 2, 2, 0, 26, 86, 2, 1
qxko7rm8, 0, 103, 95, 24, 24, 0, 53, 108, 18, 3
j26dw1ox, 0, 74, 21, 71, 71, 0, 118, 126, 15, 21
8r702p6j, 48, 71, 48, 5, 4, 1, 30, 106, 3, 3
48gegk7j, 0, 105, 96, 4, 4, 0, 23, 105, 4, 1
1xye1ny8, 11, 118, 98, 16, 8, 8, 36, 130, 5, 9
v8106q5x, 88, 45, 44, 64, 0, 64, 104, 124, 27, 5
y8d5z9oj, 8, 59, 8, 50, 9, 41, 71, 72, 5, 38
48go07px, 121, 64, 55, 81, 12, 69, 123, 157, 38, 6
8qrnpeqj, 38, 62, 43, 15, 1, 14, 38, 94, 5, 7
xko16ek8, 0, 46, 26, 70, 70, 0, 101, 114, 19, 8
v8lkr4xm, 22, 99, 87, 8, 7, 1, 28, 119, 6, 2
48g0o31x, 15, 83, 78, 64, 50, 14, 87, 96, 50, 14
18v2r0vj, 5, 52, 15, 0, 0, 0, 3, 68, 0, 0
5j5dq0w8, 136, 51, 43, 133, 4, 129, 187, 208, 29, 31
y8dpqzo8, 12, 36, 5, 11, 1, 10, 45, 67, 3, 9
1xykvgv8, 0, 26, 1, 12, 12, 0, 23, 34, 1, 12
j51p0v68, 0, 16, 4, 89, 89, 0, 104, 107, 4, 75
8qzk4478, 2, 79, 4, 7, 1, 6, 15, 86, 2, 6
qj2qw7jk, 0, 19, 7, 59, 59, 0, 76, 79, 4, 24
0jmd4doj, 1, 56, 7, 0, 0, 0, 1, 81, 0, 0
j2ydrnl8, 2, 29, 9, 13, 13, 0, 38, 73, 4, 7
zx7mndvx, 11, 33, 6, 2, 1, 1, 4, 69, 2, 1
xkov3n78, 2, 52, 4, 8, 7, 1, 48, 68, 2, 7
jprmkp08, 7, 24, 1, 33, 0, 33, 39, 44, 1, 33
qxkp4v7j, 10, 29, 3, 1, 1, 0, 28, 39, 1, 1
v81o0klx, 1, 38, 1, 0, 0, 0, 6, 38, 0, 0
zx7gd1yx, 37, 30, 11, 9, 0, 9, 20, 92, 3, 6
qxkqvo9x, 54, 36, 17, 1, 0, 1, 33, 96, 1, 1
zx7gkrx7, 45, 47, 18, 14, 3, 11, 34, 102, 2, 12
8ge5w52j, 85, 51, 19, 44, 14, 30, 118, 161, 10, 20
8e9k717j, 85, 39, 7, 50, 8, 42, 143, 319, 4, 32
qxkm6mj0, 16, 12, 5, 1, 0, 1, 3, 25, 1, 1
jn39g1qx, 2, 23, 10, 28, 28, 0, 35, 45, 5, 23
kjprgok8, 2, 3, 3, 3, 1, 2, 3, 3, 3, 1
dx3593qj, 31, 108, 56, 8, 8, 0, 37, 163, 3, 5
18vk6oej, 0, 5, 2, 4, 4, 0, 6, 7, 2, 3
18v7ky8l, 0, 45, 20, 18, 18, 0, 32, 58, 10, 3
8wk9r2v8, 75, 19, 5, 127, 11, 116, 220, 258, 2, 125
1xyyq0zx, 0, 0, 0, 0, 0, 0, 0, 0, 0, 0
86n409qx, 0, 12, 5, 17, 17, 0, 27, 29, 4, 14
5j52r5zj, 30, 81, 44, 54, 19, 35, 124, 160, 17, 32
e8e6r7j0, 53, 66, 51, 30, 8, 22, 88, 125, 12, 6
xy5k04w8, 32, 73, 38, 33, 12, 21, 46, 130, 10, 9
98rnvp3x, 185, 178, 73, 138, 36, 102, 352, 561, 21, 49
qxkp4d7j, 62, 48, 21, 82, 17, 65, 133, 189, 8, 36
qjor2nj6, 6, 83, 36, 15, 13, 2, 26, 119, 5, 9
qj2gv68k, 81, 23, 13, 24, 2, 22, 76, 93, 6, 15
8r72pyqj, 402, 265, 226, 859, 87, 772, 969, 975, 194, 302
xko3ro68, 160, 106, 35, 136, 38, 98, 252, 381, 12, 73
j5qw736j, 1134, 57, 27, 235, 5, 230, 666, 1170, 12, 53
8en71l28, 920, 354, 208, 1502, 281, 1221, 1596, 1606, 186, 354
jn39e4dx, 102, 125, 76, 161, 76, 85, 225, 243, 48, 31
dx3r222x, 388, 172, 70, 426, 66, 360, 624, 774, 37, 86
86nkg90x, 301, 150, 43, 612, 143, 469, 716, 780, 30, 254
jooo7znj, 212, 68, 24, 292, 135, 157, 510, 640, 17, 129
kjpy0d5j, 51, 60, 18, 111, 60, 51, 171, 226, 5, 41
qjoyl23x, 203, 33, 11, 350, 3, 347, 480, 491, 9, 155
xylyzgyj, 637, 263, 102, 1433, 1150, 283, 2049, 2449, 39, 633
j26g4pnx, 1032, 739, 616, 543, 68, 475, 955, 1910, 112, 175
xy57n7v8, 311, 82, 43, 364, 85, 279, 532, 620, 29, 162
x3wdky2j, 125, 625, 472, 378, 283, 95, 529, 690, 242, 10
j964z57j, 295, 339, 118, 516, 179, 337, 845, 1173, 38, 121
j52em16j, 0, 16, 13, 17, 17, 0, 17, 17, 13, 3
8d0v7wox, 827, 122, 64, 98, 8, 90, 349, 1073, 14, 35
8e631o2j, 399, 185, 108, 216, 73, 143, 411, 658, 53, 33
8g09merx, 736, 368, 200, 1049, 148, 901, 1351, 1659, 137, 300
j5vn5lz8, 359, 422, 236, 424, 159, 265, 687, 854, 130, 41
jmpmp4oj, 1338, 323, 135, 2145, 223, 1922, 2647, 3051, 102, 303
kjp1v74j, 17, 191, 150, 43, 41, 2, 108, 242, 21, 9
j9r75wvj, 672, 670, 287, 1136, 622, 514, 1854, 2869, 151, 131
jn931owx, 43, 83, 52, 66, 29, 37, 88, 126, 26, 10
xkoowm68, 26, 73, 22, 197, 169, 28, 221, 226, 19, 58
e8eoq16j, 27, 22, 9, 53, 26, 27, 62, 70, 4, 20
j5q9o26j, 10, 14, 9, 3, 2, 1, 10, 19, 3, 1
