qjn1wzw8, 9800, 3204, 6596
0jm6pwy8, 6594, 0, 6594
y8dzlz9j, 6017, 2150, 3867
1xy3wpwj, 7625, 1767, 5858
8grm677x, 7414, 1868, 5546
xko2g798, 12531, 2632, 9899
jn36q61x, 7567, 191, 7376
o86y93wj, 4763, 355, 4408
8qr5kvwj, 5342, 938, 4404
48g5vo7j, 4098, 1913, 2185
kj92m4r8, 3879, 142, 3737
68wvldlx, 3915, 631, 3284
e8e5gg68, 3500, 2, 3498
kj9y5mrx, 3058, 173, 2885
1xyylnyx, 3545, 744, 2801
68wne448, 3935, 1399, 2536
8qzo95o8, 2794, 1272, 1522
x7q9g1v8, 1776, 96, 1680
kj9dzp7x, 2426, 487, 1939
816q54lx, 2509, 311, 2198
kj9521v8, 2812, 1111, 1701
j51p0268, 3792, 639, 3153
kjp1vr2j, 2176, 63, 2113
8e913qdj, 2173, 498, 1675
v8l3eq48, 2078, 605, 1473
8l0rl9v8, 2018, 1001, 1017
8wl7yovj, 2415, 286, 2129
18vw1rvj, 1860, 35, 1825
j0n55mr8, 1993, 240, 1753
18v52d5j, 1782, 192, 1590
e8e9l0pj, 2013, 219, 1794
xz9nv648, 2023, 310, 1713
kj9e0578, 2059, 32, 2027
48g562yj, 1663, 587, 1076
j5we65gj, 3336, 1599, 1737
18qkovq8, 1574, 488, 1086
86313ep8, 3559, 1238, 2321
kjp4zn4j, 1611, 1041, 570
qjoqz4e8, 1613, 761, 852
j2wwlm6j, 1595, 82, 1513
18qr5wjn, 1575, 364, 1211
8q32emwj, 3661, 251, 3410
x3ql5n7j, 1560, 589, 971
pj0o1g4j, 3095, 608, 2487
98r4z3j1, 1339, 86, 1253
0jmn9dox, 1412, 0, 1412
8e6rpq7j, 3267, 696, 2571
qjnz5g2j, 1301, 563, 738
x35yq46j, 1886, 272, 1614
qxko0280, 1363, 474, 889
qjn1y628, 1422, 246, 1176
zxz7ew9j, 1321, 461, 860
8qrpwmdj, 1481, 419, 1062
j2y12e68, 1269, 326, 943
zx75o1r8, 1222, 153, 1069
jmo29wy8, 1315, 725, 590
48g92r2x, 1185, 633, 552
v81ggnp8, 1155, 751, 404
y8d00plx, 1139, 998, 141
j92266v8, 1176, 105, 1071
98rv0dqj, 1343, 831, 512
1xyd6nmx, 1200, 68, 1132
18qwrkw8, 1177, 577, 600
zxzygl4j, 1247, 1200, 47
18v46ky8, 1088, 0, 1088
68wg45zx, 564, 477, 87
814pll58, 1070, 32, 1038
kj9p77x4, 1066, 655, 411
qxk7rz6j, 1046, 2, 1044
18vmo728, 1043, 123, 920
qjnqro2j, 1035, 498, 537
qjoq5re8, 1037, 77, 960
eo86lp8z, 1026, 443, 583
o864zm0j, 1156, 458, 698
x35zgnqj, 1296, 347, 949
18qkl78n, 1022, 257, 765
kj9r0wj4, 1064, 274, 790
j03n24wj, 1276, 430, 846
18qvw9ox, 1010, 396, 614
5j5ve9w8, 1088, 155, 933
0jm3r3z8, 1032, 549, 483
v8141g38, 1014, 314, 700
8e9gr0pj, 962, 714, 248
qjoz6gn8, 1012, 337, 675
y8d365x6, 946, 362, 584
j2y6v5o8, 1100, 299, 801
y8dwr45j, 979, 6, 973
98rv2rdj, 955, 88, 867
y8d3z5x6, 928, 600, 328
jopgy97x, 963, 262, 701
5j51v3w8, 934, 424, 510
v81pk5q8, 956, 532, 424
7j4ndywx, 1079, 1079, 0
18vww95j, 992, 526, 466
dx3p0ok8, 1324, 205, 1119
qj2oqknx, 1808, 258, 1550
dx3vw68l, 933, 68, 865
qxk6eok8, 914, 569, 345
v81ke2rj, 911, 233, 678
e8ez0lp8, 963, 583, 380
v81o6wlx, 922, 271, 651
dx33m6kx, 871, 199, 672
qjo95lej, 966, 703, 263
18q3o3dj, 880, 226, 654
kjp4rk4j, 922, 310, 612
xz925r48, 832, 240, 592
xk49l57j, 910, 372, 538
48gn04pj, 969, 447, 522
8ge6w47j, 929, 487, 442
kj9v37vx, 938, 2, 936
j0n0vk48, 1046, 1029, 17
qxkpvo7j, 985, 167, 818
jn36qqqx, 848, 85, 763
1xy7pnxr, 821, 287, 534
x3557mqj, 842, 122, 720
61xygzxr, 800, 575, 225
1xykryz8, 834, 769, 65
8en7gwp8, 1175, 207, 968
8ger577j, 818, 404, 414
8l0kq1v8, 815, 0, 815
8geo2nyj, 795, 331, 464
v81kdrjp, 792, 113, 679
kj946vwx, 1138, 177, 961
qjo2pne8, 782, 121, 661
j0nm9r48, 1287, 364, 923
zxzzvlrx, 981, 942, 39
18vy5lv8, 1061, 909, 152
qjooe3j6, 775, 92, 683
8qz33108, 787, 165, 622
8wk3wr48, 971, 70, 901
dx3w7r7j, 902, 855, 47
kj9yg2wx, 762, 751, 11
1xyk5ny8, 805, 79, 726
1xyrv0mj, 872, 248, 624
kjprpe48, 908, 299, 609
qjo9k3j6, 794, 508, 286
jo3ko0lj, 859, 218, 641
qjn3w4xm, 800, 792, 8
jo3lnr3j, 757, 165, 592
kj904grj, 733, 205, 528
68wlgyzj, 839, 397, 442
qjod3zlx, 796, 4, 792
zxz0gw98, 725, 0, 725
5j5dqrz8, 741, 225, 516
qj2lgw7x, 784, 685, 99
0jmdlgej, 773, 32, 741
qxkm272j, 855, 241, 614
qxkpk69j, 843, 62, 781
j266eg6x, 1949, 74, 1875
o86r2r38, 1027, 569, 458
qj2m1vo8, 758, 88, 670
qjnzo1wj, 753, 625, 128
qjopronx, 758, 213, 545
qjo22ke8, 720, 262, 458
xz995g08, 795, 650, 145
j42nyqwx, 1107, 284, 823
v8lq05vx, 683, 0, 683
qjnk4nwj, 745, 315, 430
48g4mnp8, 682, 220, 462
18qr7qjn, 718, 640, 78
98rveeqj, 1332, 87, 1245
xz9z1ee8, 837, 327, 510
jn3g0ddx, 735, 59, 676
7j4v6dj1, 774, 682, 92
18qg9ndx, 663, 494, 169
p18vvn8l, 677, 214, 463
0jm4lznj, 673, 107, 566
68wmz7lx, 663, 545, 118
qjo2wn86, 725, 258, 467
pj02948w, 691, 592, 99
pj062y9j, 723, 237, 486
5j54m68v, 717, 507, 210
68wk0748, 633, 118, 515
8vk6qr2j, 749, 162, 587
zx7mggqx, 628, 305, 323
18qowewj, 690, 459, 231
qxknkwkx, 682, 14, 668
8qz23l78, 825, 817, 8
zxze4nnx, 639, 253, 386
8dwpw3lj, 625, 117, 508
v814058p, 618, 481, 137
j5w9wvgj, 746, 179, 567
8wkrlkq8, 936, 263, 673
5j5v7lw8, 741, 451, 290
1xy2lzn8, 660, 202, 458
8dgqy6l8, 647, 430, 217
98rk96x1, 585, 384, 201
pj0045wj, 781, 268, 513
xy5o75z8, 660, 137, 523
j5wg15wj, 613, 233, 380
8qzg4kd8, 639, 164, 475
qjn9dwxm, 602, 596, 6
j92rd1n8, 648, 216, 432
zxzyrm0j, 592, 521, 71
18q53ow8, 613, 145, 468
98rre381, 581, 467, 114
v8lp532j, 651, 465, 186
1xyy6vxr, 561, 99, 462
18qw9908, 741, 78, 663
68wq40z8, 675, 293, 382
0jml3y81, 558, 553, 5
0jmqgkex, 446, 11, 435
y8dgelm8, 668, 87, 581
kj94kq7x, 655, 310, 345
pj0grmwx, 560, 175, 385
68wo13jg, 552, 459, 93
qjngr448, 536, 187, 349
48ge292j, 549, 269, 280
v8lk144x, 542, 86, 456
8wk9o7q8, 597, 330, 267
18vkemyj, 539, 485, 54
dx35zg7j, 553, 198, 355
x7q663v8, 526, 33, 493
18vk7vjl, 530, 473, 57
j5vlerz8, 554, 46, 508
8l46eg2j, 693, 13, 680
e8emr06x, 582, 160, 422
1xy0ynjr, 546, 496, 50
v8lyv4jm, 534, 453, 81
18qlqgqj, 541, 9, 532
kj9nmwr8, 537, 179, 358
j2y96d78, 537, 471, 66
qxk02980, 551, 496, 55
8qz3qkd8, 526, 68, 458
zx7g54yx, 503, 166, 337
x7q2l0v8, 603, 0, 603
98rpqkgj, 616, 507, 109
zxz75g0j, 520, 118, 402
o86r708z, 499, 146, 353
x7qmg7q8, 498, 162, 336
qjn2rkwj, 544, 537, 7
zx7pe96x, 738, 503, 235
v8lo1q28, 493, 0, 493
x72n6vy8, 552, 51, 501
qjo3190j, 512, 422, 90
68w9m0vj, 497, 32, 465
kj9o1dvj, 511, 277, 234
8qzp3qo8, 578, 46, 532
qj233nxk, 601, 599, 2
48grkyxp, 486, 148, 338
kj92mw78, 482, 65, 417
j2y4p6o8, 525, 29, 496
xk4oz47j, 534, 96, 438
48g5e47j, 491, 114, 377
pj031emj, 476, 25, 451
o86wqoqx, 671, 378, 293
qjowvn86, 517, 425, 92
1xyrdqzj, 354, 81, 273
98ryqvqj, 467, 48, 419
x352kyej, 496, 347, 149
e8egp16x, 487, 199, 288
5j5vv4w8, 469, 32, 437
kj9407x4, 532, 203, 329
jprg6448, 461, 154, 307
48gr7lpx, 489, 306, 183
e8ewozp8, 450, 72, 378
48grel1x, 455, 195, 260
j5wzz2qj, 674, 674, 0
qjnp3zq8, 454, 148, 306
qj2wlg6j, 570, 223, 347
8ge23vrj, 458, 1, 457
0jm5kdnx, 471, 92, 379
1xyvlywx, 453, 72, 381
18q4qoxn, 470, 208, 262
kjp4wn2j, 473, 100, 373
j96pwevj, 541, 0, 541
kjpnz7kx, 466, 274, 192
v813edlx, 448, 70, 378
qxk4727j, 491, 491, 0
68w0oy3j, 456, 150, 306
kj9n06v8, 449, 46, 403
qxk6wl28, 448, 370, 78
zx75pyq8, 439, 54, 385
x7qy4kr8, 553, 275, 278
qjol3p0j, 455, 420, 35
kj94eox4, 531, 529, 2
8rpemmdj, 456, 76, 380
18v5ryej, 455, 115, 340
18q99rdj, 469, 15, 454
kj9ow1wj, 462, 38, 424
xk43g9kj, 473, 142, 331
qxk4r9j0, 467, 295, 172
x35dpzej, 485, 345, 140
68wk9eq8, 496, 494, 2
pj0nyg48, 584, 70, 514
7j4rrnl8, 435, 426, 9
8v545nvj, 433, 294, 139
18qzm9w8, 470, 252, 218
kjprnyk8, 430, 25, 405
0jm0k3o8, 420, 29, 391
xy5pmvn8, 460, 264, 196
8w1w233x, 892, 40, 852
qj2yyn8k, 419, 272, 147
dx3d64k8, 437, 206, 231
pj02wnr8, 460, 257, 203
1xyy9oyx, 488, 302, 186
18qm69wx, 508, 494, 14
8r7mg66j, 377, 120, 257
y8dz629j, 437, 275, 162
qxk1k2j0, 415, 188, 227
xy5mlqy8, 511, 31, 480
j9244y78, 423, 202, 221
x7q6qy08, 412, 293, 119
dx3ml28l, 407, 406, 1
qj2o7nox, 405, 405, 0
qj2dm3l8, 438, 438, 0
dx3gg78l, 397, 397, 0
5j55rkwj, 393, 0, 393
814w4nq8, 396, 112, 284
8dwq3wmj, 444, 98, 346
0jmg73oj, 401, 82, 319
qjovyz7x, 420, 132, 288
98rzez3x, 622, 415, 207
18q4nrox, 556, 189, 367
68wwdqq8, 491, 241, 250
8rp6e3dj, 406, 160, 246
jmoqknn8, 423, 274, 149
8qr6vnqj, 422, 180, 242
18q0vwjn, 411, 321, 90
y8dkkoj6, 382, 182, 200
o863wq8z, 379, 307, 72
8g525rrj, 526, 427, 99
48gym78p, 401, 343, 58
7j4rq5v8, 381, 361, 20
jp4odpkj, 369, 84, 285
48ge7ryj, 400, 19, 381
0jm36qe8, 369, 361, 8
8lpwmwlj, 1248, 513, 735
48g4ovp8, 393, 393, 0
qjnlzwdx, 384, 20, 364
qj2z3pjk, 376, 239, 137
qj20d6xk, 371, 233, 138
o86nkvpx, 361, 34, 327
0jmopoy8, 386, 313, 73
x72ydqv8, 453, 42, 411
jp4zqwyj, 359, 63, 296
dx3g4k8l, 372, 342, 30
v81rrgqx, 379, 372, 7
x7q91yy8, 570, 16, 554
86vwlq3j, 412, 340, 72
dx359lej, 354, 291, 63
98r92381, 373, 373, 0
qxk2z16x, 358, 76, 282
kj92mq78, 376, 301, 75
e8e96dj0, 372, 360, 12
7j424wx1, 348, 339, 9
48gvv118, 546, 13, 533
r5j5onxv, 346, 164, 182
7j40e2w8, 349, 57, 292
qjn9p0dx, 352, 352, 0
qjny3228, 305, 56, 249
zxzlz98q, 342, 309, 33
48geyyjp, 395, 383, 12
qjop9nnx, 366, 365, 1
98r70qj1, 384, 127, 257
o867w75j, 343, 59, 284
0jm9wy81, 332, 62, 270
x35l7pkj, 351, 242, 109
jprk71k8, 406, 406, 0
j5vy0vq8, 329, 33, 296
1y8d6mx6, 330, 141, 189
kjpl3z08, 333, 5, 328
v81qg15j, 337, 21, 316
8wkz3138, 409, 133, 276
qjoqq786, 317, 317, 0
5j51pdg8, 319, 283, 36
j92vdoo8, 370, 366, 4
98r3d3d8, 329, 329, 0
qjo39knj, 394, 367, 27
1xypq3yx, 309, 52, 257
7j4e59dx, 327, 321, 6
86vno9wj, 305, 27, 278
8d3y5vgx, 320, 224, 96
x3574nkj, 400, 12, 388
8r79ge6j, 365, 364, 1
qj2e5rpj, 326, 39, 287
e8enpy78, 294, 35, 259
8v5733vj, 387, 168, 219
x3qmp56j, 2150, 119, 2031
v81md938, 310, 258, 52
1xyrzvnj, 301, 195, 106
o863w4w8, 305, 305, 0
68wl23jg, 291, 282, 9
7j4kl6dx, 327, 314, 13
y8dw2llj, 306, 259, 47
68we6n48, 285, 257, 28
0jmpmej1, 284, 253, 31
v814y538, 284, 284, 0
e8ekwd80, 296, 270, 26
48g573rj, 315, 313, 2
xk43e42j, 404, 0, 404
o869v58z, 359, 359, 0
0jmyloj1, 280, 2, 278
zxz77knj, 287, 86, 201
pj0gg9wx, 278, 2, 276
8ge5p3pj, 311, 6, 305
v81p2r8p, 265, 54, 211
8l4w117j, 420, 203, 217
8rp2o1qj, 262, 54, 208
jo3d0e0j, 369, 336, 33
j4r2g458, 279, 233, 46
8d3o7p9x, 341, 321, 20
qjorq7j6, 254, 254, 0
e8ew2ld8, 256, 255, 1
68w27v8g, 291, 72, 219
zx7m7oyx, 251, 157, 94
j96lp57j, 337, 314, 23
qjn7vp18, 291, 157, 134
jmo72ny8, 237, 0, 237
pj0wr0r8, 233, 205, 28
x7ml2dqx, 316, 300, 16
jo2l6w78, 261, 62, 199
xk4o37kj, 262, 250, 12
zx7mkvvx, 236, 224, 12
zxz04ye8, 114, 23, 91
5j5lgzxv, 228, 12, 216
0jm7kyzj, 236, 206, 30
81q9l6rj, 310, 39, 271
dx3qn16j, 216, 186, 30
48gmomr8, 222, 156, 66
v81qk3jp, 213, 183, 30
j26e006x, 294, 28, 266
v8lvyz2j, 227, 139, 88
j4qrqlvx, 1159, 377, 782
8vkkddej, 211, 211, 0
qjoenql8, 223, 114, 109
zxz9n98q, 191, 190, 1
68w4znlx, 238, 204, 34
18vz5nej, 193, 191, 2
dx3d1e8l, 193, 188, 5
xz7p924j, 213, 206, 7
18v703y8, 198, 159, 39
zxz9n948, 199, 27, 172
18v945yx, 211, 9, 202
0jmweynx, 183, 0, 183
1xy1pmxr, 182, 168, 14
48gzlmpj, 179, 179, 0
kj929g78, 178, 177, 1
8e9elodj, 194, 147, 47
kj9926nj, 204, 192, 12
o86wvl0x, 181, 178, 3
18qg1d7x, 166, 5, 161
kj9e49r8, 224, 213, 11
8qzdgyo8, 166, 61, 105
xz91y0r8, 212, 182, 30
zx7q1208, 163, 4, 159
x7qkzoq8, 172, 153, 19
j9653ywj, 187, 182, 5
qjn0yowx, 173, 164, 9
jnz4nk1j, 190, 184, 6
qj21n468, 156, 29, 127
v8lgpmlj, 212, 182, 30
j26zzmlx, 440, 406, 34
v8lrl5l8, 156, 156, 0
pj06r5mj, 152, 5, 147
kjpm0r4j, 153, 150, 3
8rp2md6j, 148, 13, 135
qxk6pw98, 147, 123, 24
98rlreq8, 147, 146, 1
qxko7rm8, 156, 156, 0
j26dw1ox, 147, 147, 0
8r702p6j, 144, 82, 62
48gegk7j, 140, 140, 0
1xye1ny8, 169, 149, 20
v8106q5x, 145, 6, 139
y8d5z9oj, 136, 26, 110
48go07px, 163, 9, 154
8qrnpeqj, 141, 78, 63
xko16ek8, 139, 139, 0
v8lkr4xm, 132, 109, 23
48g0o31x, 131, 116, 15
18v2r0vj, 132, 127, 5
jn3vl7dx, 192, 88, 104
5j5dq0w8, 131, 11, 120
y8dpqzo8, 123, 11, 112
1xykvgv8, 109, 109, 0
j51p0v68, 109, 109, 0
8qzk4478, 102, 11, 91
qj2qw7jk, 252, 252, 0
0jmd4doj, 99, 98, 1
j2ydrnl8, 129, 127, 2
zx7mndvx, 79, 64, 15
xkov3n78, 74, 29, 45
jprmkp08, 56, 0, 56
qxkp4v7j, 58, 16, 42
v81o0klx, 38, 0, 38
zx7gd1yx, 196, 71, 125
qxkqvo9x, 200, 79, 121
zx7gkrx7, 274, 236, 38
8ge5w52j, 404, 207, 197
8e9k717j, 423, 51, 372
qxkm6mj0, 98, 43, 55
jn39g1qx, 63, 61, 2
kjprgok8, 8, 1, 7
dx3593qj, 381, 306, 75
18vk6oej, 673, 673, 0
18v7ky8l, 302, 302, 0
8wk9r2v8, 304, 66, 238
1xyyq0zx, 0, 0, 0
86n409qx, 55, 55, 0
5j52r5zj, 327, 188, 139
e8e6r7j0, 167, 88, 79
xy5k04w8, 214, 137, 77
98rnvp3x, 1008, 344, 664
qxkp4d7j, 401, 139, 262
qjor2nj6, 574, 566, 8
qj2gv68k, 249, 31, 218
8r72pyqj, 1008, 129, 879
xko3ro68, 547, 295, 252
j5qw736j, 818, 23, 795
8en71l28, 1353, 289, 1064
jn39e4dx, 454, 310, 144
dx3r222x, 929, 294, 635
x35q3nqj, 480, 401, 79
86nkg90x, 937, 463, 474
jooo7znj, 796, 398, 398
kjpy0d5j, 398, 281, 117
qjoyl23x, 732, 24, 708
xylyzgyj, 2457, 1150, 1307
j26g4pnx, 1487, 404, 1083
xy57n7v8, 587, 168, 419
x3wdky2j, 187, 183, 4
j964z57j, 1125, 521, 604